0 
0 
0 
0 
0 
0 
0 
0 
0 
0 
0 
0 
0 
0 
0 
0 
0 
0 
0 
0 
0 
0 
0 
0 
0 
0 
0 
0 
0 
0 
0 
0 
0 
0 
0 
0 
0 
0 
0 
0 
0 
0 
0 
0 
0 
0 
0 
0 
0 
0 
0 
0 
0 
0 
0 
0 
0 
0 
0 
0 
0 
0 
0 
0 
0 
0 
0 
0 
0 
0 
0 
0 
0 
0 
0 
0 
0 
0 
0 
0 
0 
0 
0 
0 
0 
0 
0 
0 
0 
0 
0 
0 
0 
0 
0 
0 
0 
0 
0 
0 
0 
0 
0 
0 
0 
0 
0 
0 
0 
0 
0 
0 
0 
0 
0 
0 
0 
0 
0 
0 
0 
0 
0 
0 
0 
0 
0 
0 
0 
0 
0 
0 
0 
0 
0 
0 
0 
0 
0 
0 
0 
0 
0 
0 
0 
0 
0 
0 
0 
0 
0 
0 
0 
0 
0 
0 
0 
0 
0 
0 
0 
0 
0 
0 
0 
0 
0 
0 
0 
0 
0 
0 
0 
0 
1 
5 
5 
5 
1c 
29 
2f 
28 
10 
35 
4d 
4d 
33 
11 
0 
0 
0 
0 
0 
0 
0 
0 
0 
0 
0 
0 
0 
4 
6 
c 
16 
1e 
27 
3e 
3e 
3e 
7a 
9a 
a9 
8f 
4d 
ba 
f8 
f0 
99 
32 
0 
0 
0 
0 
0 
0 
0 
0 
0 
0 
0 
0 
2 
23 
2f 
50 
80 
a4 
bd 
fd 
fd 
fd 
fd 
fc 
ed 
c9 
b4 
f1 
e7 
c1 
63 
1a 
0 
0 
0 
0 
0 
0 
0 
0 
0 
0 
0 
2 
2b 
bf 
ea 
f1 
f4 
f7 
f8 
fd 
fd 
fd 
fd 
fb 
b9 
60 
58 
5b 
45 
34 
11 
1 
0 
0 
0 
0 
0 
0 
0 
0 
0 
0 
0 
1 
16 
b9 
f3 
fd 
fd 
fd 
fd 
fa 
d3 
c5 
e7 
f5 
90 
10 
f 
f 
a 
7 
2 
0 
0 
0 
0 
0 
0 
0 
0 
0 
0 
0 
0 
0 
5 
65 
a6 
a7 
c4 
fd 
f6 
d2 
4e 
3b 
5b 
94 
65 
0 
0 
0 
0 
0 
0 
0 
0 
0 
0 
0 
0 
0 
0 
0 
0 
0 
0 
0 
0 
1c 
3f 
3b 
70 
d6 
e7 
83 
d 
0 
c 
2e 
25 
0 
0 
0 
0 
0 
0 
0 
0 
0 
0 
0 
0 
0 
0 
0 
0 
0 
0 
0 
0 
0 
5 
3 
40 
b4 
e6 
7d 
9 
0 
0 
0 
0 
0 
0 
0 
0 
0 
0 
0 
0 
0 
0 
0 
0 
0 
0 
0 
0 
0 
0 
0 
0 
0 
0 
0 
2b 
8c 
e4 
c6 
22 
4 
0 
0 
0 
0 
0 
0 
0 
0 
0 
0 
0 
0 
0 
0 
0 
0 
0 
0 
0 
0 
0 
0 
0 
0 
0 
0 
3 
38 
b1 
f1 
6c 
2a 
17 
8 
0 
0 
0 
0 
0 
0 
0 
0 
0 
0 
0 
0 
0 
0 
0 
0 
0 
0 
0 
0 
0 
0 
0 
0 
0 
a 
45 
e6 
e2 
b1 
84 
37 
5 
1 
0 
0 
0 
0 
0 
0 
0 
0 
0 
0 
0 
0 
0 
0 
0 
0 
0 
0 
0 
0 
0 
0 
0 
0 
12 
64 
e5 
f5 
f4 
a9 
49 
10 
0 
0 
0 
0 
0 
0 
0 
0 
0 
0 
0 
0 
0 
0 
0 
0 
0 
0 
0 
0 
0 
0 
0 
0 
2 
13 
4d 
b0 
eb 
ee 
b7 
5d 
11 
0 
0 
0 
0 
0 
0 
0 
0 
0 
0 
0 
0 
0 
0 
0 
0 
0 
0 
0 
0 
0 
0 
0 
0 
0 
d 
3a 
77 
cc 
ee 
c2 
6f 
0 
0 
0 
0 
0 
0 
0 
0 
0 
0 
0 
0 
0 
0 
0 
0 
0 
0 
0 
0 
0 
0 
0 
0 
0 
0 
5 
1e 
9e 
fb 
f3 
bb 
21 
2 
0 
0 
0 
0 
0 
0 
0 
0 
0 
0 
0 
0 
0 
0 
0 
0 
0 
0 
0 
0 
0 
0 
1 
12 
31 
48 
b0 
fb 
f6 
c2 
22 
2 
0 
0 
0 
0 
0 
0 
0 
0 
0 
0 
0 
0 
0 
0 
0 
0 
0 
0 
0 
0 
3 
12 
31 
63 
9c 
c1 
e7 
fc 
eb 
a2 
1 
0 
0 
0 
0 
0 
0 
0 
0 
0 
0 
0 
0 
0 
0 
0 
0 
0 
0 
0 
2 
b 
25 
5a 
ab 
e5 
f9 
fd 
f7 
e8 
c3 
78 
0 
0 
0 
0 
0 
0 
0 
0 
0 
0 
0 
0 
0 
0 
0 
0 
0 
0 
1 
3 
15 
49 
9a 
e4 
fd 
fd 
fa 
f4 
d4 
8a 
32 
0 
0 
0 
0 
0 
0 
0 
0 
0 
0 
0 
0 
0 
0 
0 
0 
0 
0 
0 
11 
31 
8c 
dc 
f6 
fb 
fd 
fd 
d3 
7e 
30 
a 
3 
0 
0 
0 
0 
0 
0 
0 
0 
0 
0 
0 
0 
0 
0 
0 
0 
2 
16 
83 
ae 
ce 
e9 
f8 
fd 
f4 
c8 
76 
39 
18 
6 
0 
0 
0 
0 
0 
0 
0 
0 
0 
0 
0 
0 
0 
0 
0 
0 
10 
3e 
7e 
a5 
df 
ef 
f9 
fd 
fa 
de 
97 
41 
1b 
6 
0 
0 
0 
0 
0 
0 
0 
0 
0 
0 
0 
0 
0 
0 
0 
0 
0 
0 
2b 
89 
dd 
f1 
fc 
ea 
c8 
b9 
9a 
61 
30 
4 
0 
0 
0 
0 
0 
0 
0 
0 
0 
0 
0 
0 
0 
0 
0 
0 
0 
0 
0 
0 
21 
61 
8e 
8e 
8e 
7b 
59 
4a 
2d 
6 
0 
0 
0 
0 
0 
0 
0 
0 
0 
0 
0 
0 
0 
0 
0 
0 
0 
0 
0 
0 
0 
0 
0 
0 
0 
0 
0 
0 
0 
0 
0 
0 
0 
0 
0 
0 
0 
0 
0 
0 
0 
0 
0 
0 
0 
0 
0 
0 
0 
0 
0 
0 
0 
0 
0 
0 
0 
0 
0 
0 
0 
0 
0 
0 
0 
0 
0 
0 
0 
0 
0 
0 
0 
0 
0 
0 
0 
0 
0 
0 
0 
0 
0 
0 
0 
0 
0 
0 
0 
0 
0 
0 
0 
0 
0 
0 
0 
0 
0 
0 
0 
0 
0 
0 
0 
0 
0 
0 
0 
0 
0 
0 
0 
0 
